474 (increased) (175,146,153)
508 (increased) (180,153,175)
515 (increased) (160,175,180)
494 (decreased) (154,180,160)
474 (decreased) (160,160,154)
475 (increased) (161,154,160)
481 (increased) (160,160,161)
482 (increased) (161,161,160)
490 (increased) (169,160,161)
491 (increased) (161,161,169)
494 (increased) (164,169,161)
491 (decreased) (166,161,164)
526 (increased) (196,164,166)
555 (increased) (193,166,196)
588 (increased) (199,196,193)
590 (increased) (198,193,199)
605 (increased) (208,199,198)
615 (increased) (209,198,208)
628 (increased) (211,208,209)
643 (increased) (223,209,211)
660 (increased) (226,211,223)
673 (increased) (224,223,226)
675 (increased) (225,226,224)
676 (increased) (227,224,225)
682 (increased) (230,225,227)
686 (increased) (229,227,230)
701 (increased) (242,230,229)
712 (increased) (241,229,242)
729 (increased) (246,242,241)
730 (increased) (243,241,246)
734 (increased) (245,246,243)
774 (increased) (286,243,245)
816 (increased) (285,245,286)
855 (increased) (284,286,285)
836 (decreased) (267,285,284)
825 (decreased) (274,284,267)
816 (decreased) (275,267,274)
816 (no change) (267,274,275)
837 (increased) (295,275,267)
858 (increased) (296,267,295)
893 (increased) (302,295,296)
902 (increased) (304,296,302)
911 (increased) (305,302,304)
890 (decreased) (281,304,305)
873 (decreased) (287,305,281)
861 (decreased) (293,281,287)
875 (increased) (295,287,293)
878 (increased) (290,293,295)
870 (decreased) (285,295,290)
861 (decreased) (286,290,285)
856 (decreased) (285,285,286)
858 (increased) (287,286,285)
861 (increased) (289,285,287)
859 (decreased) (283,287,289)
861 (increased) (289,289,283)
867 (increased) (295,283,289)
889 (increased) (305,289,295)
904 (increased) (304,295,305)
924 (increased) (315,305,304)
936 (increased) (317,304,315)
966 (increased) (334,315,317)
989 (increased) (338,317,334)
1014 (increased) (342,334,338)
1017 (increased) (337,338,342)
1017 (no change) (338,342,337)
1016 (decreased) (341,337,338)
1019 (increased) (340,338,341)
1033 (increased) (352,341,340)
1052 (increased) (360,340,352)
1053 (increased) (341,352,360)
1047 (decreased) (346,360,341)
1036 (decreased) (349,341,346)
1045 (increased) (350,346,349)
1051 (increased) (352,349,350)
1053 (increased) (351,350,352)
1059 (increased) (356,352,351)
1064 (increased) (357,351,356)
1098 (increased) (385,356,357)
1121 (increased) (379,357,385)
1126 (increased) (362,385,379)
1088 (decreased) (347,379,362)
1058 (decreased) (349,362,347)
1048 (decreased) (352,347,349)
1069 (increased) (368,349,352)
1092 (increased) (372,352,368)
1096 (increased) (356,368,372)
1082 (decreased) (354,372,356)
1063 (decreased) (353,356,354)
1072 (increased) (365,354,353)
1080 (increased) (362,353,365)
1099 (increased) (372,365,362)
1107 (increased) (373,362,372)
1121 (increased) (376,372,373)
1126 (increased) (377,373,376)
1134 (increased) (381,376,377)
1133 (decreased) (375,377,381)
1124 (decreased) (368,381,375)
1118 (decreased) (375,375,368)
1116 (decreased) (373,368,375)
1117 (increased) (369,375,373)
1112 (decreased) (370,373,369)
1115 (increased) (376,369,370)
1123 (increased) (377,370,376)
1129 (increased) (376,376,377)
1134 (increased) (381,377,376)
1146 (increased) (389,376,381)
1158 (increased) (388,381,389)
1171 (increased) (394,389,388)
1169 (decreased) (387,388,394)
1176 (increased) (395,394,387)
1166 (decreased) (384,387,395)
1160 (decreased) (381,395,384)
1152 (decreased) (387,384,381)
1158 (increased) (390,381,387)
1161 (increased) (384,387,390)
1168 (increased) (394,390,384)
1148 (decreased) (370,384,394)
1132 (decreased) (368,394,370)
1112 (decreased) (374,370,368)
1145 (increased) (403,368,374)
1179 (increased) (402,374,403)
1208 (increased) (403,403,402)
1209 (increased) (404,402,403)
1212 (increased) (405,403,404)
1226 (increased) (417,404,405)
1262 (increased) (440,405,417)
1296 (increased) (439,417,440)
1320 (increased) (441,440,439)
1346 (increased) (466,439,441)
1375 (increased) (468,441,466)
1403 (increased) (469,466,468)
1403 (no change) (466,468,469)
1388 (decreased) (453,469,466)
1384 (decreased) (465,466,453)
1381 (decreased) (463,453,465)
1372 (decreased) (444,465,463)
1350 (decreased) (443,463,444)
1334 (decreased) (447,444,443)
1338 (increased) (448,443,447)
1363 (increased) (468,447,448)
1408 (increased) (492,448,468)
1461 (increased) (501,468,492)
1496 (increased) (503,492,501)
1509 (increased) (505,501,503)
1514 (increased) (506,503,505)
1519 (increased) (508,505,506)
1547 (increased) (533,506,508)
1576 (increased) (535,508,533)
1583 (increased) (515,533,535)
1571 (decreased) (521,535,515)
1556 (decreased) (520,515,521)
1562 (increased) (521,521,520)
1578 (increased) (537,520,521)
1596 (increased) (538,521,537)
1619 (increased) (544,537,538)
1624 (increased) (542,538,544)
1627 (increased) (541,544,542)
1641 (increased) (558,542,541)
1651 (increased) (552,541,558)
1669 (increased) (559,558,552)
1672 (increased) (561,552,559)
1680 (increased) (560,559,561)
1695 (increased) (574,561,560)
1705 (increased) (571,560,574)
1714 (increased) (569,574,571)
1708 (decreased) (568,571,569)
1711 (increased) (574,569,568)
1726 (increased) (584,568,574)
1770 (increased) (612,574,584)
1793 (increased) (597,584,612)
1805 (increased) (596,612,597)
1811 (increased) (618,597,596)
1833 (increased) (619,596,618)
1848 (increased) (611,618,619)
1857 (increased) (627,619,611)
1891 (increased) (653,611,627)
1946 (increased) (666,627,653)
2014 (increased) (695,653,666)
2077 (increased) (716,666,695)
2122 (increased) (711,695,716)
2133 (increased) (706,716,711)
2129 (decreased) (712,711,706)
2136 (increased) (718,706,712)
2149 (increased) (719,712,718)
2161 (increased) (724,718,719)
2166 (increased) (723,719,724)
2174 (increased) (727,724,723)
2180 (increased) (730,723,727)
2197 (increased) (740,727,730)
2208 (increased) (738,730,740)
2214 (increased) (736,740,738)
2191 (decreased) (717,738,736)
2152 (decreased) (699,736,717)
2116 (decreased) (700,717,699)
2089 (decreased) (690,699,700)
2084 (decreased) (694,700,690)
2081 (decreased) (697,690,694)
2078 (decreased) (687,694,697)
2072 (decreased) (688,697,687)
2090 (increased) (715,687,688)
2103 (increased) (700,688,715)
2120 (increased) (705,715,700)
2113 (decreased) (708,700,705)
2122 (increased) (709,705,708)
2124 (increased) (707,708,709)
2124 (no change) (708,709,707)
2124 (no change) (709,707,708)
2141 (increased) (724,708,709)
2166 (increased) (733,709,724)
2151 (decreased) (694,724,733)
2117 (decreased) (690,733,694)
2052 (decreased) (668,694,690)
2025 (decreased) (667,690,668)
2001 (decreased) (666,668,667)
2004 (increased) (671,667,666)
2012 (increased) (675,666,671)
2020 (increased) (674,671,675)
2019 (decreased) (670,675,674)
2015 (decreased) (671,674,670)
2015 (no change) (674,670,671)
2029 (increased) (684,671,674)
2041 (increased) (683,674,684)
2051 (increased) (684,684,683)
2056 (increased) (689,683,684)
2067 (increased) (694,684,689)
2081 (increased) (698,689,694)
2092 (increased) (700,694,698)
2099 (increased) (701,698,700)
2084 (decreased) (683,700,701)
2052 (decreased) (668,701,683)
2005 (decreased) (654,683,668)
1980 (decreased) (658,668,654)
1976 (decreased) (664,654,658)
1994 (increased) (672,658,664)
2010 (increased) (674,664,672)
2025 (increased) (679,672,674)
2034 (increased) (681,674,679)
2042 (increased) (682,679,681)
2052 (increased) (689,681,682)
2046 (decreased) (675,682,689)
2029 (decreased) (665,689,675)
2003 (decreased) (663,675,665)
1975 (decreased) (647,665,663)
1960 (decreased) (650,663,647)
1959 (decreased) (662,647,650)
1986 (increased) (674,650,662)
2011 (increased) (675,662,674)
2019 (increased) (670,674,675)
2016 (decreased) (671,675,670)
2044 (increased) (703,670,671)
2078 (increased) (704,671,703)
2119 (increased) (712,703,704)
2129 (increased) (713,704,712)
2137 (increased) (712,712,713)
2139 (increased) (714,713,712)
2148 (increased) (722,712,714)
2149 (increased) (713,714,722)
2149 (no change) (714,722,713)
2142 (decreased) (715,713,714)
2157 (increased) (728,714,715)
2166 (increased) (723,715,728)
2175 (increased) (724,728,723)
2187 (increased) (740,723,724)
2207 (increased) (743,724,740)
2230 (increased) (747,740,743)
2243 (increased) (753,743,747)
2255 (increased) (755,747,753)
2271 (increased) (763,753,755)
2272 (increased) (754,755,763)
2260 (decreased) (743,763,754)
2247 (decreased) (750,754,743)
2254 (increased) (761,743,750)
2274 (increased) (763,750,761)
2288 (increased) (764,761,763)
2292 (increased) (765,763,764)
2295 (increased) (766,764,765)
2299 (increased) (768,765,766)
2326 (increased) (792,766,768)
2353 (increased) (793,768,792)
2384 (increased) (799,792,793)
2390 (increased) (798,793,799)
2396 (increased) (799,799,798)
2381 (decreased) (784,798,799)
2374 (decreased) (791,799,784)
2362 (decreased) (787,784,791)
2366 (increased) (788,791,787)
2364 (decreased) (789,787,788)
2385 (increased) (808,788,789)
2401 (increased) (804,789,808)
2420 (increased) (808,808,804)
2441 (increased) (829,804,808)
2465 (increased) (828,808,829)
2503 (increased) (846,829,828)
2516 (increased) (842,828,846)
2538 (increased) (850,846,842)
2543 (increased) (851,842,850)
2553 (increased) (852,850,851)
2556 (increased) (853,851,852)
2552 (decreased) (847,852,853)
2560 (increased) (860,853,847)
2568 (increased) (861,847,860)
2581 (increased) (860,860,861)
2589 (increased) (868,861,860)
2594 (increased) (866,860,868)
2608 (increased) (874,868,866)
2608 (no change) (868,866,874)
2608 (no change) (866,874,868)
2605 (decreased) (871,868,866)
2610 (increased) (873,866,871)
2622 (increased) (878,871,873)
2630 (increased) (879,873,878)
2633 (increased) (876,878,879)
2629 (decreased) (874,879,876)
2607 (decreased) (857,876,874)
2590 (decreased) (859,874,857)
2574 (decreased) (858,857,859)
2573 (decreased) (856,859,858)
2549 (decreased) (835,858,856)
2525 (decreased) (834,856,835)
2504 (decreased) (835,835,834)
2506 (increased) (837,834,835)
2505 (decreased) (833,835,837)
2472 (decreased) (802,837,833)
2430 (decreased) (795,833,802)
2393 (decreased) (796,802,795)
2377 (decreased) (786,795,796)
2374 (decreased) (792,796,786)
2369 (decreased) (791,786,792)
2395 (increased) (812,792,791)
2420 (increased) (817,791,812)
2449 (increased) (820,812,817)
2458 (increased) (821,817,820)
2463 (increased) (822,820,821)
2480 (increased) (837,821,822)
2498 (increased) (839,822,837)
2528 (increased) (852,837,839)
2549 (increased) (858,839,852)
2594 (increased) (884,852,858)
2633 (increased) (891,858,884)
2685 (increased) (910,884,891)
2710 (increased) (909,891,910)
2731 (increased) (912,910,909)
2735 (increased) (914,909,912)
2741 (increased) (915,912,914)
2759 (increased) (930,914,915)
2780 (increased) (935,915,930)
2802 (increased) (937,930,935)
2810 (increased) (938,935,937)
2814 (increased) (939,937,938)
2817 (increased) (940,938,939)
2812 (decreased) (933,939,940)
2801 (decreased) (928,940,933)
2787 (decreased) (926,933,928)
2778 (decreased) (924,928,926)
2779 (increased) (929,926,924)
2783 (increased) (930,924,929)
2796 (increased) (937,929,930)
2806 (increased) (939,930,937)
2816 (increased) (940,937,939)
2816 (no change) (937,939,940)
2817 (increased) (940,940,937)
2819 (increased) (942,937,940)
2817 (decreased) (935,940,942)
2804 (decreased) (927,942,935)
2769 (decreased) (907,935,927)
2708 (decreased) (874,927,907)
2627 (decreased) (846,907,874)
2573 (decreased) (853,874,846)
2556 (decreased) (857,846,853)
2572 (increased) (862,853,857)
2579 (increased) (860,857,862)
2584 (increased) (862,862,860)
2587 (increased) (865,860,862)
2594 (increased) (867,862,865)
2603 (increased) (871,865,867)
2607 (increased) (869,867,871)
2612 (increased) (872,871,869)
2614 (increased) (873,869,872)
2613 (decreased) (868,872,873)
2615 (increased) (874,873,868)
2608 (decreased) (866,868,874)
2613 (increased) (873,874,866)
2621 (increased) (882,866,873)
2618 (decreased) (863,873,882)
2609 (decreased) (864,882,863)
2592 (decreased) (865,863,864)
2590 (decreased) (861,864,865)
2589 (decreased) (863,865,861)
2583 (decreased) (859,861,863)
2580 (decreased) (858,863,859)
2587 (increased) (870,859,858)
2602 (increased) (874,858,870)
2600 (decreased) (856,870,874)
2585 (decreased) (855,874,856)
2557 (decreased) (846,856,855)
2549 (decreased) (848,855,846)
2541 (decreased) (847,846,848)
2543 (increased) (848,848,847)
2556 (increased) (861,847,848)
2560 (increased) (851,848,861)
2574 (increased) (862,861,851)
2577 (increased) (864,851,862)
2595 (increased) (869,862,864)
2608 (increased) (875,864,869)
2616 (increased) (872,869,875)
2618 (increased) (871,875,872)
2622 (increased) (879,872,871)
2638 (increased) (888,871,879)
2644 (increased) (877,879,888)
2609 (decreased) (844,888,877)
2582 (decreased) (861,877,844)
2568 (decreased) (863,844,861)
2607 (increased) (883,861,863)
2630 (increased) (884,863,883)
2644 (increased) (877,883,884)
2636 (decreased) (875,884,877)
2629 (decreased) (877,877,875)
2630 (increased) (878,875,877)
2634 (increased) (879,877,878)
2640 (increased) (883,878,879)
2644 (increased) (882,879,883)
2662 (increased) (897,883,882)
2692 (increased) (913,882,897)
2698 (increased) (888,897,913)
2687 (decreased) (886,913,888)
2662 (decreased) (888,888,886)
2673 (increased) (899,886,888)
2682 (increased) (895,888,899)
2694 (increased) (900,899,895)
2693 (decreased) (898,895,900)
2719 (increased) (921,900,898)
2741 (increased) (922,898,921)
2763 (increased) (920,921,922)
2763 (no change) (921,922,920)
2766 (increased) (925,920,921)
2789 (increased) (943,921,925)
2806 (increased) (938,925,943)
2818 (increased) (937,943,938)
2809 (decreased) (934,938,937)
2794 (decreased) (923,937,934)
2781 (decreased) (924,934,923)
2778 (decreased) (931,923,924)
2793 (increased) (938,924,931)
2808 (increased) (939,931,938)
2807 (decreased) (930,938,939)
2794 (decreased) (925,939,930)
2783 (decreased) (928,930,925)
2784 (increased) (931,925,928)
2799 (increased) (940,928,931)
2832 (increased) (961,931,940)
2866 (increased) (965,940,961)
2892 (increased) (966,961,965)
2899 (increased) (968,965,966)
2900 (increased) (966,966,968)
2899 (decreased) (965,968,966)
2902 (increased) (971,966,965)
2908 (increased) (972,965,971)
2917 (increased) (974,971,972)
2919 (increased) (973,972,974)
2921 (increased) (974,974,973)
2919 (decreased) (972,973,974)
2937 (increased) (991,974,972)
2956 (increased) (993,972,991)
2976 (increased) (992,991,993)
2978 (increased) (993,993,992)
2981 (increased) (996,992,993)
2979 (decreased) (990,993,996)
2979 (no change) (993,996,990)
2977 (decreased) (994,990,993)
2985 (increased) (998,993,994)
2991 (increased) (999,994,998)
2984 (decreased) (987,998,999)
2975 (decreased) (989,999,987)
2983 (increased) (1007,987,989)
3023 (increased) (1027,989,1007)
3067 (increased) (1033,1007,1027)
3088 (increased) (1028,1027,1033)
3090 (increased) (1029,1033,1028)
3087 (decreased) (1030,1028,1029)
3092 (increased) (1033,1029,1030)
3101 (increased) (1038,1030,1033)
3108 (increased) (1037,1033,1038)
3071 (decreased) (996,1038,1037)
3032 (decreased) (999,1037,996)
2992 (decreased) (997,996,999)
2995 (increased) (999,999,997)
3004 (increased) (1008,997,999)
3046 (increased) (1039,999,1008)
3084 (increased) (1037,1008,1039)
3139 (increased) (1063,1039,1037)
3180 (increased) (1080,1037,1063)
3228 (increased) (1085,1063,1080)
3222 (decreased) (1057,1080,1085)
3202 (decreased) (1060,1085,1057)
3183 (decreased) (1066,1057,1060)
3193 (increased) (1067,1060,1066)
3199 (increased) (1066,1066,1067)
3200 (increased) (1067,1067,1066)
3195 (decreased) (1062,1066,1067)
3193 (decreased) (1064,1067,1062)
3191 (decreased) (1065,1062,1064)
3197 (increased) (1068,1064,1065)
3197 (no change) (1064,1065,1068)
3204 (increased) (1072,1068,1064)
3204 (no change) (1068,1064,1072)
3202 (decreased) (1062,1072,1068)
3195 (decreased) (1065,1068,1062)
3204 (increased) (1077,1062,1065)
3218 (increased) (1076,1065,1077)
3230 (increased) (1077,1077,1076)
3241 (increased) (1088,1076,1077)
3262 (increased) (1097,1077,1088)
3283 (increased) (1098,1088,1097)
3297 (increased) (1102,1097,1098)
3317 (increased) (1117,1098,1102)
3311 (decreased) (1092,1102,1117)
3312 (increased) (1103,1117,1092)
3295 (decreased) (1100,1092,1103)
3304 (increased) (1101,1103,1100)
3301 (decreased) (1100,1100,1101)
3337 (increased) (1136,1101,1100)
3367 (increased) (1131,1100,1136)
3400 (increased) (1133,1136,1131)
3396 (decreased) (1132,1131,1133)
3395 (decreased) (1130,1133,1132)
3384 (decreased) (1122,1132,1130)
3380 (decreased) (1128,1130,1122)
3386 (increased) (1136,1122,1128)
3407 (increased) (1143,1128,1136)
3428 (increased) (1149,1136,1143)
3440 (increased) (1148,1143,1149)
3446 (increased) (1149,1149,1148)
3445 (decreased) (1148,1148,1149)
3443 (decreased) (1146,1149,1148)
3451 (increased) (1157,1148,1146)
3462 (increased) (1159,1146,1157)
3477 (increased) (1161,1157,1159)
3498 (increased) (1178,1159,1161)
3520 (increased) (1181,1161,1178)
3539 (increased) (1180,1178,1181)
3540 (increased) (1179,1181,1180)
3556 (increased) (1197,1180,1179)
3571 (increased) (1195,1179,1197)
3590 (increased) (1198,1197,1195)
3589 (decreased) (1196,1195,1198)
3608 (increased) (1214,1198,1196)
3622 (increased) (1212,1196,1214)
3651 (increased) (1225,1214,1212)
3663 (increased) (1226,1212,1225)
3695 (increased) (1244,1225,1226)
3716 (increased) (1246,1226,1244)
3738 (increased) (1248,1244,1246)
3739 (increased) (1245,1246,1248)
3739 (no change) (1246,1248,1245)
3742 (increased) (1251,1245,1246)
3750 (increased) (1253,1246,1251)
3760 (increased) (1256,1251,1253)
3770 (increased) (1261,1253,1256)
3781 (increased) (1264,1256,1261)
3821 (increased) (1296,1261,1264)
3857 (increased) (1297,1264,1296)
3891 (increased) (1298,1296,1297)
3898 (increased) (1303,1297,1298)
3929 (increased) (1328,1298,1303)
3952 (increased) (1321,1303,1328)
3964 (increased) (1315,1328,1321)
3950 (decreased) (1314,1321,1315)
3944 (decreased) (1315,1315,1314)
3946 (increased) (1317,1314,1315)
3919 (decreased) (1287,1315,1317)
3888 (decreased) (1284,1317,1287)
3862 (decreased) (1291,1287,1284)
3885 (increased) (1310,1284,1291)
3912 (increased) (1311,1291,1310)
3918 (increased) (1297,1310,1311)
3906 (decreased) (1298,1311,1297)
3901 (decreased) (1306,1297,1298)
3912 (increased) (1308,1298,1306)
3925 (increased) (1311,1306,1308)
3927 (increased) (1308,1308,1311)
3928 (increased) (1309,1311,1308)
3935 (increased) (1318,1308,1309)
3955 (increased) (1328,1309,1318)
3972 (increased) (1326,1318,1328)
3973 (increased) (1319,1328,1326)
3982 (increased) (1337,1326,1319)
3983 (increased) (1327,1319,1337)
3996 (increased) (1332,1337,1327)
3986 (decreased) (1327,1327,1332)
3985 (decreased) (1326,1332,1327)
3985 (no change) (1332,1327,1326)
4006 (increased) (1348,1326,1332)
4029 (increased) (1349,1332,1348)
4056 (increased) (1359,1348,1349)
4066 (increased) (1358,1349,1359)
4071 (increased) (1354,1359,1358)
4058 (decreased) (1346,1358,1354)
4066 (increased) (1366,1354,1346)
4056 (decreased) (1344,1346,1366)
4066 (increased) (1356,1366,1344)
4069 (increased) (1369,1344,1356)
4107 (increased) (1382,1356,1369)
4127 (increased) (1376,1369,1382)
4107 (decreased) (1349,1382,1376)
4076 (decreased) (1351,1376,1349)
4061 (decreased) (1361,1349,1351)
4081 (increased) (1369,1351,1361)
4120 (increased) (1390,1361,1369)
4150 (increased) (1391,1369,1390)
4181 (increased) (1400,1390,1391)
4190 (increased) (1399,1391,1400)
4199 (increased) (1400,1400,1399)
4222 (increased) (1423,1399,1400)
4251 (increased) (1428,1400,1423)
4278 (increased) (1427,1423,1428)
4310 (increased) (1455,1428,1427)
4338 (increased) (1456,1427,1455)
4335 (decreased) (1424,1455,1456)
4305 (decreased) (1425,1456,1424)
4269 (decreased) (1420,1424,1425)
4267 (decreased) (1422,1425,1420)
4265 (decreased) (1423,1420,1422)
4259 (decreased) (1414,1422,1423)
4249 (decreased) (1412,1423,1414)
4239 (decreased) (1413,1414,1412)
4247 (increased) (1422,1412,1413)
4259 (increased) (1424,1413,1422)
4265 (increased) (1419,1422,1424)
4240 (decreased) (1397,1424,1419)
4217 (decreased) (1401,1419,1397)
4202 (decreased) (1404,1397,1401)
4212 (increased) (1407,1401,1404)
4216 (increased) (1405,1404,1407)
4215 (decreased) (1403,1407,1405)
4215 (no change) (1407,1405,1403)
4211 (decreased) (1401,1403,1407)
4212 (increased) (1404,1407,1401)
4206 (decreased) (1401,1401,1404)
4217 (increased) (1412,1404,1401)
4223 (increased) (1410,1401,1412)
4231 (increased) (1409,1412,1410)
4227 (decreased) (1408,1410,1409)
4205 (decreased) (1388,1409,1408)
4175 (decreased) (1379,1408,1388)
4156 (decreased) (1389,1388,1379)
4156 (no change) (1388,1379,1389)
4160 (increased) (1383,1389,1388)
4155 (decreased) (1384,1388,1383)
4147 (decreased) (1380,1383,1384)
4145 (decreased) (1381,1384,1380)
4143 (decreased) (1382,1380,1381)
4143 (no change) (1380,1381,1382)
4145 (increased) (1383,1382,1380)
4131 (decreased) (1368,1380,1383)
4121 (decreased) (1370,1383,1368)
4095 (decreased) (1357,1368,1370)
4071 (decreased) (1344,1370,1357)
4047 (decreased) (1346,1357,1344)
4033 (decreased) (1343,1344,1346)
4022 (decreased) (1333,1346,1343)
4021 (decreased) (1345,1343,1333)
4024 (increased) (1346,1333,1345)
4063 (increased) (1372,1345,1346)
4084 (increased) (1366,1346,1372)
4107 (increased) (1369,1372,1366)
4103 (decreased) (1368,1366,1369)
4106 (increased) (1369,1369,1368)
4119 (increased) (1382,1368,1369)
4136 (increased) (1385,1369,1382)
4153 (increased) (1386,1382,1385)
4136 (decreased) (1365,1385,1386)
4117 (decreased) (1366,1386,1365)
4099 (decreased) (1368,1365,1366)
4104 (increased) (1370,1366,1368)
4111 (increased) (1373,1368,1370)
4107 (decreased) (1364,1370,1373)
4098 (decreased) (1361,1373,1364)
4095 (decreased) (1370,1364,1361)
4107 (increased) (1376,1361,1370)
4117 (increased) (1371,1370,1376)
4123 (increased) (1376,1376,1371)
4128 (increased) (1381,1371,1376)
4141 (increased) (1384,1376,1381)
4150 (increased) (1385,1381,1384)
4155 (increased) (1386,1384,1385)
4182 (increased) (1411,1385,1386)
4207 (increased) (1410,1386,1411)
4238 (increased) (1417,1411,1410)
4248 (increased) (1421,1410,1417)
4256 (increased) (1418,1417,1421)
4264 (increased) (1425,1421,1418)
4272 (increased) (1429,1418,1425)
4276 (increased) (1422,1425,1429)
4279 (increased) (1428,1429,1422)
4299 (increased) (1449,1422,1428)
4340 (increased) (1463,1428,1449)
4372 (increased) (1460,1449,1463)
4379 (increased) (1456,1463,1460)
4373 (decreased) (1457,1460,1456)
4406 (increased) (1493,1456,1457)
4442 (increased) (1492,1457,1493)
4478 (increased) (1493,1493,1492)
4479 (increased) (1494,1492,1493)
4483 (increased) (1496,1493,1494)
4509 (increased) (1519,1494,1496)
4535 (increased) (1520,1496,1519)
4554 (increased) (1515,1519,1520)
4542 (decreased) (1507,1520,1515)
4532 (decreased) (1510,1515,1507)
4523 (decreased) (1506,1507,1510)
4521 (decreased) (1505,1510,1506)
4515 (decreased) (1504,1506,1505)
4515 (no change) (1506,1505,1504)
4526 (increased) (1516,1504,1506)
4539 (increased) (1517,1506,1516)
4553 (increased) (1520,1516,1517)
4551 (decreased) (1514,1517,1520)
4506 (decreased) (1472,1520,1514)
4459 (decreased) (1473,1514,1472)
4425 (decreased) (1480,1472,1473)
4455 (increased) (1502,1473,1480)
4485 (increased) (1503,1480,1502)
4475 (decreased) (1470,1502,1503)
4445 (decreased) (1472,1503,1470)
4415 (decreased) (1473,1470,1472)
4413 (decreased) (1468,1472,1473)
4418 (increased) (1477,1473,1468)
4409 (decreased) (1464,1468,1477)
4404 (decreased) (1463,1477,1464)
4379 (decreased) (1452,1464,1463)
4371 (decreased) (1456,1463,1452)
4361 (decreased) (1453,1452,1456)
4363 (increased) (1454,1456,1453)
4351 (decreased) (1444,1453,1454)
4350 (decreased) (1452,1454,1444)
4347 (decreased) (1451,1444,1452)
4359 (increased) (1456,1452,1451)
4383 (increased) (1476,1451,1456)
4409 (increased) (1477,1456,1476)
4424 (increased) (1471,1476,1477)
4421 (decreased) (1473,1477,1471)
4446 (increased) (1502,1471,1473)
4482 (increased) (1507,1473,1502)
4526 (increased) (1517,1502,1507)
4543 (increased) (1519,1507,1517)
4558 (increased) (1522,1517,1519)
4583 (increased) (1542,1519,1522)
4611 (increased) (1547,1522,1542)
4633 (increased) (1544,1542,1547)
4643 (increased) (1552,1547,1544)
4647 (increased) (1551,1544,1552)
4655 (increased) (1552,1552,1551)
4667 (increased) (1564,1551,1552)
4652 (decreased) (1536,1552,1564)
4640 (decreased) (1540,1564,1536)
4614 (decreased) (1538,1536,1540)
4618 (increased) (1540,1540,1538)
4601 (decreased) (1523,1538,1540)
4587 (decreased) (1524,1540,1523)
4572 (decreased) (1525,1523,1524)
4568 (decreased) (1519,1524,1525)
4561 (decreased) (1517,1525,1519)
4549 (decreased) (1513,1519,1517)
4564 (increased) (1534,1517,1513)
4577 (increased) (1530,1513,1534)
4600 (increased) (1536,1534,1530)
4617 (increased) (1551,1530,1536)
4650 (increased) (1563,1536,1551)
4696 (increased) (1582,1551,1563)
4729 (increased) (1584,1563,1582)
4778 (increased) (1612,1582,1584)
4815 (increased) (1619,1584,1612)
4849 (increased) (1618,1612,1619)
4885 (increased) (1648,1619,1618)
4913 (increased) (1647,1618,1648)
4929 (increased) (1634,1648,1647)
4917 (decreased) (1636,1647,1634)
4926 (increased) (1656,1634,1636)
4949 (increased) (1657,1636,1656)
4972 (increased) (1659,1656,1657)
4999 (increased) (1683,1657,1659)
5026 (increased) (1684,1659,1683)
5059 (increased) (1692,1683,1684)
5067 (increased) (1691,1684,1692)
5076 (increased) (1693,1692,1691)
5079 (increased) (1695,1691,1693)
5074 (decreased) (1686,1693,1695)
5071 (decreased) (1690,1695,1686)
5072 (increased) (1696,1686,1690)
5105 (increased) (1719,1690,1696)
5136 (increased) (1721,1696,1719)
5164 (increased) (1724,1719,1721)
5181 (increased) (1736,1721,1724)
5183 (increased) (1723,1724,1736)
5184 (increased) (1725,1736,1723)
5203 (increased) (1755,1723,1725)
5245 (increased) (1765,1725,1755)
5304 (increased) (1784,1755,1765)
5320 (increased) (1771,1765,1784)
5325 (increased) (1770,1784,1771)
5314 (decreased) (1773,1771,1770)
5314 (no change) (1771,1770,1773)
5333 (increased) (1789,1773,1771)
5346 (increased) (1786,1771,1789)
5373 (increased) (1798,1789,1786)
5384 (increased) (1800,1786,1798)
5399 (increased) (1801,1798,1800)
5407 (increased) (1806,1800,1801)
5414 (increased) (1807,1801,1806)
5421 (increased) (1808,1806,1807)
5429 (increased) (1814,1807,1808)
5437 (increased) (1815,1808,1814)
5443 (increased) (1814,1814,1815)
5444 (increased) (1815,1815,1814)
5436 (decreased) (1807,1814,1815)
5438 (increased) (1816,1815,1807)
5443 (increased) (1820,1807,1816)
5471 (increased) (1835,1816,1820)
5497 (increased) (1842,1820,1835)
5523 (increased) (1846,1835,1842)
5509 (decreased) (1821,1842,1846)
5489 (decreased) (1822,1846,1821)
5467 (decreased) (1824,1821,1822)
5471 (increased) (1825,1822,1824)
5475 (increased) (1826,1824,1825)
5476 (increased) (1825,1825,1826)
5477 (increased) (1826,1826,1825)
5485 (increased) (1834,1825,1826)
5502 (increased) (1842,1826,1834)
5519 (increased) (1843,1834,1842)
5520 (increased) (1835,1842,1843)
5525 (increased) (1847,1843,1835)
5527 (increased) (1845,1835,1847)
5520 (decreased) (1828,1847,1845)
5530 (increased) (1857,1845,1828)
5544 (increased) (1859,1828,1857)
5547 (increased) (1831,1857,1859)
5523 (decreased) (1833,1859,1831)
5496 (decreased) (1832,1831,1833)
5502 (increased) (1837,1833,1832)
5505 (increased) (1836,1832,1837)
5522 (increased) (1849,1837,1836)
5543 (increased) (1858,1836,1849)
5556 (increased) (1849,1849,1858)
5558 (increased) (1851,1858,1849)
5547 (decreased) (1847,1849,1851)
5549 (increased) (1851,1851,1847)
5542 (decreased) (1844,1847,1851)
5576 (increased) (1881,1851,1844)
5593 (increased) (1868,1844,1881)
5618 (increased) (1869,1881,1868)
5619 (increased) (1882,1868,1869)
5627 (increased) (1876,1869,1882)
5636 (increased) (1878,1882,1876)
5633 (decreased) (1879,1876,1878)
5637 (increased) (1880,1878,1879)
5644 (increased) (1885,1879,1880)
5651 (increased) (1886,1880,1885)
5662 (increased) (1891,1885,1886)
5667 (increased) (1890,1886,1891)
5689 (increased) (1908,1891,1890)
5707 (increased) (1909,1890,1908)
5725 (increased) (1908,1908,1909)
5712 (decreased) (1895,1909,1908)
5699 (decreased) (1896,1908,1895)
5682 (decreased) (1891,1895,1896)
5680 (decreased) (1893,1896,1891)
5672 (decreased) (1888,1891,1893)
5682 (increased) (1901,1893,1888)
5715 (increased) (1926,1888,1901)
5744 (increased) (1917,1901,1926)
5788 (increased) (1945,1926,1917)
5806 (increased) (1944,1917,1945)
5832 (increased) (1943,1945,1944)
5845 (increased) (1958,1944,1943)
5845 (no change) (1944,1943,1958)
5848 (increased) (1946,1958,1944)
5841 (decreased) (1951,1944,1946)
5839 (decreased) (1942,1946,1951)
5833 (decreased) (1940,1951,1942)
5820 (decreased) (1938,1942,1940)
5814 (decreased) (1936,1940,1938)
5809 (decreased) (1935,1938,1936)
5796 (decreased) (1925,1936,1935)
5808 (increased) (1948,1935,1925)
5830 (increased) (1957,1925,1948)
5866 (increased) (1961,1948,1957)
5874 (increased) (1956,1957,1961)
5885 (increased) (1968,1961,1956)
5904 (increased) (1980,1956,1968)
5952 (increased) (2004,1968,1980)
6001 (increased) (2017,1980,2004)
6039 (increased) (2018,2004,2017)
6057 (increased) (2022,2017,2018)
6066 (increased) (2026,2018,2022)
6052 (decreased) (2004,2022,2026)
6037 (decreased) (2007,2026,2004)
6014 (decreased) (2003,2004,2007)
6016 (increased) (2006,2007,2003)
6012 (decreased) (2003,2003,2006)
6013 (increased) (2004,2006,2003)
6010 (decreased) (2003,2003,2004)
6020 (increased) (2013,2004,2003)
6022 (increased) (2006,2003,2013)
6027 (increased) (2008,2013,2006)
6021 (decreased) (2007,2006,2008)
6025 (increased) (2010,2008,2007)
6040 (increased) (2023,2007,2010)
6057 (increased) (2024,2010,2023)
6067 (increased) (2020,2023,2024)
6065 (decreased) (2021,2024,2020)
6065 (no change) (2024,2020,2021)
6088 (increased) (2043,2021,2024)
6106 (increased) (2039,2024,2043)
6109 (increased) (2027,2043,2039)
6092 (decreased) (2026,2039,2027)
6071 (decreased) (2018,2027,2026)
6064 (decreased) (2020,2026,2018)
6049 (decreased) (2011,2018,2020)
6043 (decreased) (2012,2020,2011)
6034 (decreased) (2011,2011,2012)
6030 (decreased) (2007,2012,2011)
6043 (increased) (2025,2011,2007)
6072 (increased) (2040,2007,2025)
6102 (increased) (2037,2025,2040)
6111 (increased) (2034,2040,2037)
6108 (decreased) (2037,2037,2034)
6116 (increased) (2045,2034,2037)
6138 (increased) (2056,2037,2045)
6183 (increased) (2082,2045,2056)
6222 (increased) (2084,2056,2082)
6269 (increased) (2103,2082,2084)
6314 (increased) (2127,2084,2103)
6354 (increased) (2124,2103,2127)
6376 (increased) (2125,2127,2124)
6373 (decreased) (2124,2124,2125)
6386 (increased) (2137,2125,2124)
6405 (increased) (2144,2124,2137)
6418 (increased) (2137,2137,2144)
6401 (decreased) (2120,2144,2137)
6376 (decreased) (2119,2137,2120)
6364 (decreased) (2125,2120,2119)
6352 (decreased) (2108,2119,2125)
6335 (decreased) (2102,2125,2108)
6308 (decreased) (2098,2108,2102)
6265 (decreased) (2065,2102,2098)
6247 (decreased) (2084,2098,2065)
6234 (decreased) (2085,2065,2084)
6260 (increased) (2091,2084,2085)
6262 (increased) (2086,2085,2091)
6268 (increased) (2091,2091,2086)
6281 (increased) (2104,2086,2091)
6313 (increased) (2118,2091,2104)
6326 (increased) (2104,2104,2118)
6351 (increased) (2129,2118,2104)
6366 (increased) (2133,2104,2129)
6396 (increased) (2134,2129,2133)
6403 (increased) (2136,2133,2134)
6411 (increased) (2141,2134,2136)
6431 (increased) (2154,2136,2141)
6465 (increased) (2170,2141,2154)
6497 (increased) (2173,2154,2170)
6529 (increased) (2186,2170,2173)
6542 (increased) (2183,2173,2186)
6551 (increased) (2182,2186,2183)
6553 (increased) (2188,2183,2182)
6584 (increased) (2214,2182,2188)
6619 (increased) (2217,2188,2214)
6646 (increased) (2215,2214,2217)
6646 (no change) (2214,2217,2215)
6655 (increased) (2226,2215,2214)
6671 (increased) (2231,2214,2226)
6689 (increased) (2232,2226,2231)
6689 (no change) (2226,2231,2232)
6685 (decreased) (2227,2232,2226)
6686 (increased) (2233,2226,2227)
6689 (increased) (2229,2227,2233)
6682 (decreased) (2220,2233,2229)
6666 (decreased) (2217,2229,2220)
6667 (increased) (2230,2220,2217)
6683 (increased) (2236,2217,2230)
6705 (increased) (2239,2230,2236)
6715 (increased) (2240,2236,2239)
6724 (increased) (2245,2239,2240)
6763 (increased) (2278,2240,2245)
6828 (increased) (2305,2245,2278)
6889 (increased) (2306,2278,2305)
6923 (increased) (2312,2305,2306)
6918 (decreased) (2300,2306,2312)
6910 (decreased) (2298,2312,2300)
6901 (decreased) (2303,2300,2298)
6903 (increased) (2302,2298,2303)
6911 (increased) (2306,2303,2302)
6913 (increased) (2305,2302,2306)
6915 (increased) (2304,2306,2305)
6920 (increased) (2311,2305,2304)
6919 (decreased) (2304,2304,2311)
6916 (decreased) (2301,2311,2304)
6907 (decreased) (2302,2304,2301)
6877 (decreased) (2274,2301,2302)
6845 (decreased) (2269,2302,2274)
6823 (decreased) (2280,2274,2269)
6821 (decreased) (2272,2269,2280)
6823 (increased) (2271,2280,2272)
6819 (decreased) (2276,2272,2271)
6830 (increased) (2283,2271,2276)
6844 (increased) (2285,2276,2283)
6854 (increased) (2286,2283,2285)
6855 (increased) (2284,2285,2286)
6853 (decreased) (2283,2286,2284)
6843 (decreased) (2276,2284,2283)
6828 (decreased) (2269,2283,2276)
6812 (decreased) (2267,2276,2269)
6806 (decreased) (2270,2269,2267)
6809 (increased) (2272,2267,2270)
6804 (decreased) (2262,2270,2272)
6802 (decreased) (2268,2272,2262)
6811 (increased) (2281,2262,2268)
6825 (increased) (2276,2268,2281)
6837 (increased) (2280,2281,2276)
6837 (no change) (2281,2276,2280)
6852 (increased) (2291,2280,2281)
6884 (increased) (2312,2281,2291)
6941 (increased) (2338,2291,2312)
6991 (increased) (2341,2312,2338)
7021 (increased) (2342,2338,2341)
7037 (increased) (2354,2341,2342)
7051 (increased) (2355,2342,2354)
7063 (increased) (2354,2354,2355)
7046 (decreased) (2337,2355,2354)
7008 (decreased) (2317,2354,2337)
6975 (decreased) (2321,2337,2317)
6960 (decreased) (2322,2317,2321)
6964 (increased) (2321,2321,2322)
6959 (decreased) (2316,2322,2321)
6955 (decreased) (2318,2321,2316)
6953 (decreased) (2319,2316,2318)
6950 (decreased) (2313,2318,2319)
6956 (increased) (2324,2319,2313)
6959 (increased) (2322,2313,2324)
6973 (increased) (2327,2324,2322)
6975 (increased) (2326,2322,2327)
6984 (increased) (2331,2327,2326)
6989 (increased) (2332,2326,2331)
6999 (increased) (2336,2331,2332)
6986 (decreased) (2318,2332,2336)
6975 (decreased) (2321,2336,2318)
6962 (decreased) (2323,2318,2321)
6970 (increased) (2326,2321,2323)
6974 (increased) (2325,2323,2326)
6985 (increased) (2334,2326,2325)
7000 (increased) (2341,2325,2334)
7018 (increased) (2343,2334,2341)
7030 (increased) (2346,2341,2343)
7031 (increased) (2342,2343,2346)
7035 (increased) (2347,2346,2342)
7035 (no change) (2346,2342,2347)
7044 (increased) (2351,2347,2346)
7056 (increased) (2359,2346,2351)
7073 (increased) (2363,2351,2359)
7086 (increased) (2364,2359,2363)
7078 (decreased) (2351,2363,2364)
7059 (decreased) (2344,2364,2351)
7041 (decreased) (2346,2351,2344)
7030 (decreased) (2340,2344,2346)
7027 (decreased) (2341,2346,2340)
7026 (decreased) (2345,2340,2341)
7038 (increased) (2352,2341,2345)
7040 (increased) (2343,2345,2352)
7039 (decreased) (2344,2352,2343)
7032 (decreased) (2345,2343,2344)
7031 (decreased) (2342,2344,2345)
7021 (decreased) (2334,2345,2342)
7015 (decreased) (2339,2342,2334)
7017 (increased) (2344,2334,2339)
7037 (increased) (2354,2339,2344)
7044 (increased) (2346,2344,2354)
7057 (increased) (2357,2354,2346)
7061 (increased) (2358,2346,2357)
7079 (increased) (2364,2357,2358)
7092 (increased) (2370,2358,2364)
7105 (increased) (2371,2364,2370)
7110 (increased) (2369,2370,2371)
7126 (increased) (2386,2371,2369)
7142 (increased) (2387,2369,2386)
7154 (increased) (2381,2386,2387)
7150 (decreased) (2382,2387,2381)
7139 (decreased) (2376,2381,2382)
7150 (increased) (2392,2382,2376)
7156 (increased) (2388,2376,2392)
7178 (increased) (2398,2392,2388)
7185 (increased) (2399,2388,2398)
7195 (increased) (2398,2398,2399)
7217 (increased) (2420,2399,2398)
7261 (increased) (2443,2398,2420)
7300 (increased) (2437,2420,2443)
7318 (increased) (2438,2443,2437)
7341 (increased) (2466,2437,2438)
7386 (increased) (2482,2438,2466)
7434 (increased) (2486,2466,2482)
7456 (increased) (2488,2482,2486)
7460 (increased) (2486,2486,2488)
7459 (decreased) (2485,2488,2486)
7457 (decreased) (2486,2486,2485)
7473 (increased) (2502,2485,2486)
7491 (increased) (2503,2486,2502)
7501 (increased) (2496,2502,2503)
7496 (decreased) (2497,2503,2496)
7492 (decreased) (2499,2496,2497)
7496 (increased) (2500,2497,2499)
7484 (decreased) (2485,2499,2500)
7476 (decreased) (2491,2500,2485)
7463 (decreased) (2487,2485,2491)
7460 (decreased) (2482,2491,2487)
7459 (decreased) (2490,2487,2482)
7461 (increased) (2489,2482,2490)
7469 (increased) (2490,2490,2489)
7473 (increased) (2494,2489,2490)
7479 (increased) (2495,2490,2494)
7485 (increased) (2496,2494,2495)
7486 (increased) (2495,2495,2496)
7473 (decreased) (2482,2496,2495)
7453 (decreased) (2476,2495,2482)
7417 (decreased) (2459,2482,2476)
7395 (decreased) (2460,2476,2459)
7402 (increased) (2483,2459,2460)
7427 (increased) (2484,2460,2483)
7450 (increased) (2483,2483,2484)
7453 (increased) (2486,2484,2483)
7459 (increased) (2490,2483,2486)
7467 (increased) (2491,2486,2490)
7469 (increased) (2488,2490,2491)
7468 (decreased) (2489,2491,2488)
7465 (decreased) (2488,2488,2489)
7459 (decreased) (2482,2489,2488)
7454 (decreased) (2484,2488,2482)
7426 (decreased) (2460,2482,2484)
7420 (decreased) (2476,2484,2460)
7417 (decreased) (2481,2460,2476)
7439 (increased) (2482,2476,2481)
7467 (increased) (2504,2481,2482)
7494 (increased) (2508,2482,2504)
7529 (increased) (2517,2504,2508)
7547 (increased) (2522,2508,2517)
7563 (increased) (2524,2517,2522)
7577 (increased) (2531,2522,2524)
7589 (increased) (2534,2524,2531)
7602 (increased) (2537,2531,2534)
7622 (increased) (2551,2534,2537)
7645 (increased) (2557,2537,2551)
7659 (increased) (2551,2551,2557)
7652 (decreased) (2544,2557,2551)
7655 (increased) (2560,2551,2544)
7663 (increased) (2559,2544,2560)
7710 (increased) (2591,2560,2559)
7742 (increased) (2592,2559,2591)
7777 (increased) (2594,2591,2592)
7781 (increased) (2595,2592,2594)
7787 (increased) (2598,2594,2595)
7794 (increased) (2601,2595,2598)
7780 (decreased) (2581,2598,2601)
7768 (decreased) (2586,2601,2581)
7758 (decreased) (2591,2581,2586)
7770 (increased) (2593,2586,2591)
7766 (decreased) (2582,2591,2593)
7766 (no change) (2591,2593,2582)
7763 (decreased) (2590,2582,2591)
7752 (decreased) (2571,2591,2590)
7733 (decreased) (2572,2590,2571)
7712 (decreased) (2569,2571,2572)
7711 (decreased) (2570,2572,2569)
7687 (decreased) (2548,2569,2570)
7684 (decreased) (2566,2570,2548)
7681 (decreased) (2567,2548,2566)
7702 (increased) (2569,2566,2567)
7707 (increased) (2571,2567,2569)
7707 (no change) (2567,2569,2571)
7704 (decreased) (2566,2571,2567)
7705 (increased) (2572,2567,2566)
7713 (increased) (2575,2566,2572)
7719 (increased) (2572,2572,2575)
7724 (increased) (2577,2575,2572)
7708 (decreased) (2559,2572,2577)
7686 (decreased) (2550,2577,2559)
7655 (decreased) (2546,2559,2550)
7637 (decreased) (2541,2550,2546)
7624 (decreased) (2537,2546,2541)
7614 (decreased) (2536,2541,2537)
7608 (decreased) (2535,2537,2536)
7610 (increased) (2539,2536,2535)
7601 (decreased) (2527,2535,2539)
7580 (decreased) (2514,2539,2527)
7557 (decreased) (2516,2527,2514)
7547 (decreased) (2517,2514,2516)
7549 (increased) (2516,2516,2517)
7550 (increased) (2517,2517,2516)
7549 (decreased) (2516,2516,2517)
7559 (increased) (2526,2517,2516)
7563 (increased) (2521,2516,2526)
7570 (increased) (2523,2526,2521)
7572 (increased) (2528,2521,2523)
7580 (increased) (2529,2523,2528)
7579 (decreased) (2522,2528,2529)
7562 (decreased) (2511,2529,2522)
7543 (decreased) (2510,2522,2511)
7562 (increased) (2541,2511,2510)
7617 (increased) (2566,2510,2541)
7679 (increased) (2572,2541,2566)
7714 (increased) (2576,2566,2572)
7726 (increased) (2578,2572,2576)
7731 (increased) (2577,2576,2578)
7727 (decreased) (2572,2578,2577)
7715 (decreased) (2566,2577,2572)
7701 (decreased) (2563,2572,2566)
7696 (decreased) (2567,2566,2563)
7710 (increased) (2580,2563,2567)
7729 (increased) (2582,2567,2580)
7745 (increased) (2583,2580,2582)
7770 (increased) (2605,2582,2583)
7788 (increased) (2600,2583,2605)
7807 (increased) (2602,2605,2600)
7808 (increased) (2606,2600,2602)
7813 (increased) (2605,2602,2606)
7815 (increased) (2604,2606,2605)
7814 (decreased) (2605,2605,2604)
7813 (decreased) (2604,2604,2605)
7845 (increased) (2636,2605,2604)
7886 (increased) (2646,2604,2636)
7943 (increased) (2661,2636,2646)
7966 (increased) (2659,2646,2661)
7983 (increased) (2663,2661,2659)
7986 (increased) (2664,2659,2663)
7990 (increased) (2663,2663,2664)
7996 (increased) (2669,2664,2663)
8004 (increased) (2672,2663,2669)
7990 (decreased) (2649,2669,2672)
7972 (decreased) (2651,2672,2649)
7942 (decreased) (2642,2649,2651)
7942 (no change) (2649,2651,2642)
7913 (decreased) (2622,2642,2649)
7897 (decreased) (2626,2649,2622)
7881 (decreased) (2633,2622,2626)
7912 (increased) (2653,2626,2633)
7941 (increased) (2655,2633,2653)
7965 (increased) (2657,2653,2655)
7968 (increased) (2656,2655,2657)
7979 (increased) (2666,2657,2656)
7992 (increased) (2670,2656,2666)
7993 (increased) (2657,2666,2670)
7986 (decreased) (2659,2670,2657)
7973 (decreased) (2657,2657,2659)
7970 (decreased) (2654,2659,2657)
7966 (decreased) (2655,2657,2654)
7974 (increased) (2665,2654,2655)
7984 (increased) (2664,2655,2665)
7997 (increased) (2668,2665,2664)
8003 (increased) (2671,2664,2668)
8011 (increased) (2672,2668,2671)
8018 (increased) (2675,2671,2672)
8031 (increased) (2684,2672,2675)
8038 (increased) (2679,2675,2684)
8043 (increased) (2680,2684,2679)
8038 (decreased) (2679,2679,2680)
8029 (decreased) (2670,2680,2679)
8020 (decreased) (2671,2679,2670)
8018 (decreased) (2677,2670,2671)
8026 (increased) (2678,2671,2677)
8034 (increased) (2679,2677,2678)
8038 (increased) (2681,2678,2679)
8060 (increased) (2700,2679,2681)
8085 (increased) (2704,2681,2700)
8103 (increased) (2699,2700,2704)
8103 (no change) (2700,2704,2699)
8100 (decreased) (2701,2699,2700)
8116 (increased) (2715,2700,2701)
8129 (increased) (2713,2701,2715)
8147 (increased) (2719,2715,2713)
8142 (decreased) (2710,2713,2719)
8138 (decreased) (2709,2719,2710)
8140 (increased) (2721,2710,2709)
8155 (increased) (2725,2709,2721)
8178 (increased) (2732,2721,2725)
8186 (increased) (2729,2725,2732)
8200 (increased) (2739,2732,2729)
8203 (increased) (2735,2729,2739)
8210 (increased) (2736,2739,2735)
8209 (decreased) (2738,2735,2736)
8218 (increased) (2744,2736,2738)
8209 (decreased) (2727,2738,2744)
8210 (increased) (2739,2744,2727)
8206 (decreased) (2740,2727,2739)
8221 (increased) (2742,2739,2740)
8219 (decreased) (2737,2740,2742)
8213 (decreased) (2734,2742,2737)
8209 (decreased) (2738,2737,2734)
8209 (no change) (2737,2734,2738)
8211 (increased) (2736,2738,2737)
8228 (increased) (2755,2737,2736)
8231 (increased) (2740,2736,2755)
8236 (increased) (2741,2755,2740)
8237 (increased) (2756,2740,2741)
8248 (increased) (2751,2741,2756)
8269 (increased) (2762,2756,2751)
8278 (increased) (2765,2751,2762)
8301 (increased) (2774,2762,2765)
8291 (decreased) (2752,2765,2774)
8279 (decreased) (2753,2774,2752)
8277 (decreased) (2772,2752,2753)
8291 (increased) (2766,2753,2772)
8300 (increased) (2762,2772,2766)
8291 (decreased) (2763,2766,2762)
8292 (increased) (2767,2762,2763)
8299 (increased) (2769,2763,2767)
8306 (increased) (2770,2767,2769)
8311 (increased) (2772,2769,2770)
8324 (increased) (2782,2770,2772)
8334 (increased) (2780,2772,2782)
8345 (increased) (2783,2782,2780)
8353 (increased) (2790,2780,2783)
8364 (increased) (2791,2783,2790)
8373 (increased) (2792,2790,2791)
8368 (decreased) (2785,2791,2792)
8355 (decreased) (2778,2792,2785)
8336 (decreased) (2773,2785,2778)
8331 (decreased) (2780,2778,2773)
8340 (increased) (2787,2773,2780)
8356 (increased) (2789,2780,2787)
8374 (increased) (2798,2787,2789)
8387 (increased) (2800,2789,2798)
8394 (increased) (2796,2798,2800)
8393 (decreased) (2797,2800,2796)
8407 (increased) (2814,2796,2797)
8428 (increased) (2817,2797,2814)
8449 (increased) (2818,2814,2817)
8442 (decreased) (2807,2817,2818)
8420 (decreased) (2795,2818,2807)
8395 (decreased) (2793,2807,2795)
8382 (decreased) (2794,2795,2793)
8405 (increased) (2818,2793,2794)
8431 (increased) (2819,2794,2818)
8455 (increased) (2818,2818,2819)
8456 (increased) (2819,2819,2818)
8458 (increased) (2821,2818,2819)
8460 (increased) (2820,2819,2821)
8469 (increased) (2828,2821,2820)
8470 (increased) (2822,2820,2828)
8469 (decreased) (2819,2828,2822)
8473 (increased) (2832,2822,2819)
8519 (increased) (2868,2819,2832)
8548 (increased) (2848,2832,2868)
8566 (increased) (2850,2868,2848)
8542 (decreased) (2844,2848,2850)
8548 (increased) (2854,2850,2844)
8553 (increased) (2855,2844,2854)
8561 (increased) (2852,2854,2855)
8542 (decreased) (2835,2855,2852)
8523 (decreased) (2836,2852,2835)
8508 (decreased) (2837,2835,2836)
8513 (increased) (2840,2836,2837)
8544 (increased) (2867,2837,2840)
8576 (increased) (2869,2840,2867)
8614 (increased) (2878,2867,2869)
8626 (increased) (2879,2869,2878)
8641 (increased) (2884,2878,2879)
8689 (increased) (2926,2879,2884)
8737 (increased) (2927,2884,2926)
8781 (increased) (2928,2926,2927)
8786 (increased) (2931,2927,2928)
8792 (increased) (2933,2928,2931)
8803 (increased) (2939,2931,2933)
8843 (increased) (2971,2933,2939)
8883 (increased) (2973,2939,2971)
8923 (increased) (2979,2971,2973)
8926 (increased) (2974,2973,2979)
8924 (decreased) (2971,2979,2974)
8923 (decreased) (2978,2974,2971)
8921 (decreased) (2972,2971,2978)
8923 (increased) (2973,2978,2972)
8905 (decreased) (2960,2972,2973)
8907 (increased) (2974,2973,2960)
8925 (increased) (2991,2960,2974)
8945 (increased) (2980,2974,2991)
8950 (increased) (2979,2991,2980)
8937 (decreased) (2978,2980,2979)
8944 (increased) (2987,2979,2978)
8957 (increased) (2992,2978,2987)
8987 (increased) (3008,2987,2992)
9007 (increased) (3007,2992,3008)
8997 (decreased) (2982,3008,3007)
8960 (decreased) (2971,3007,2982)
8932 (decreased) (2979,2982,2971)
8922 (decreased) (2972,2971,2979)
8928 (increased) (2977,2979,2972)
8911 (decreased) (2962,2972,2977)
8915 (increased) (2976,2977,2962)
8910 (decreased) (2972,2962,2976)
8921 (increased) (2973,2976,2972)
8919 (decreased) (2974,2972,2973)
8933 (increased) (2986,2973,2974)
8956 (increased) (2996,2974,2986)
8976 (increased) (2994,2986,2996)
9008 (increased) (3018,2996,2994)
9029 (increased) (3017,2994,3018)
9057 (increased) (3022,3018,3017)
9062 (increased) (3023,3017,3022)
9064 (increased) (3019,3022,3023)
9062 (decreased) (3020,3023,3019)
9062 (no change) (3023,3019,3020)
9072 (increased) (3029,3020,3023)
9092 (increased) (3040,3023,3029)
9149 (increased) (3080,3029,3040)
9196 (increased) (3076,3040,3080)
9225 (increased) (3069,3080,3076)
9216 (decreased) (3071,3076,3069)
9209 (decreased) (3069,3069,3071)
9177 (decreased) (3037,3071,3069)
9147 (decreased) (3041,3069,3037)
9125 (decreased) (3047,3037,3041)
9158 (increased) (3070,3041,3047)
9188 (increased) (3071,3047,3070)
9220 (increased) (3079,3070,3071)
9237 (increased) (3087,3071,3079)
9254 (increased) (3088,3079,3087)
9262 (increased) (3087,3087,3088)
9257 (decreased) (3082,3088,3087)
9254 (decreased) (3085,3087,3082)
9253 (decreased) (3086,3082,3085)
9260 (increased) (3089,3085,3086)
9280 (increased) (3105,3086,3089)
9267 (decreased) (3073,3089,3105)
9250 (decreased) (3072,3105,3073)
9216 (decreased) (3071,3073,3072)
9220 (increased) (3077,3072,3071)
9251 (increased) (3103,3071,3077)
9287 (increased) (3107,3077,3103)
9324 (increased) (3114,3103,3107)
9322 (decreased) (3101,3107,3114)
9315 (decreased) (3100,3114,3101)
9288 (decreased) (3087,3101,3100)
9283 (decreased) (3096,3100,3087)
9282 (decreased) (3099,3087,3096)
9306 (increased) (3111,3096,3099)
9322 (increased) (3112,3099,3111)
9339 (increased) (3116,3111,3112)
9362 (increased) (3134,3112,3116)
9403 (increased) (3153,3116,3134)
9469 (increased) (3182,3134,3153)
9533 (increased) (3198,3153,3182)
9582 (increased) (3202,3182,3198)
9631 (increased) (3231,3198,3202)
9698 (increased) (3265,3202,3231)
9758 (increased) (3262,3231,3265)
9786 (increased) (3259,3265,3262)
9784 (decreased) (3263,3262,3259)
9760 (decreased) (3238,3259,3263)
9743 (decreased) (3242,3263,3238)
9724 (decreased) (3244,3238,3242)
9729 (increased) (3243,3242,3244)
9734 (increased) (3247,3244,3243)
9738 (increased) (3248,3243,3247)
9731 (decreased) (3236,3247,3248)
9719 (decreased) (3235,3248,3236)
9712 (decreased) (3241,3236,3235)
9689 (decreased) (3213,3235,3241)
9657 (decreased) (3203,3241,3213)
9625 (decreased) (3209,3213,3203)
9643 (increased) (3231,3203,3209)
9668 (increased) (3228,3209,3231)
9690 (increased) (3231,3231,3228)
9691 (increased) (3232,3228,3231)
9698 (increased) (3235,3231,3232)
9705 (increased) (3238,3232,3235)
9725 (increased) (3252,3235,3238)
9746 (increased) (3256,3238,3252)
9768 (increased) (3260,3252,3256)
9775 (increased) (3259,3256,3260)
9779 (increased) (3260,3260,3259)
9774 (decreased) (3255,3259,3260)
9765 (decreased) (3250,3260,3255)
9750 (decreased) (3245,3255,3250)
9729 (decreased) (3234,3250,3245)
9743 (increased) (3264,3245,3234)
9768 (increased) (3270,3234,3264)
9811 (increased) (3277,3264,3270)
9820 (increased) (3273,3270,3277)
9829 (increased) (3279,3277,3273)
9832 (increased) (3280,3273,3279)
9841 (increased) (3282,3279,3280)
9848 (increased) (3286,3280,3282)
9860 (increased) (3292,3282,3286)
9906 (increased) (3328,3286,3292)
9949 (increased) (3329,3292,3328)
9989 (increased) (3332,3328,3329)
9985 (decreased) (3324,3329,3332)
9988 (increased) (3332,3332,3324)
9990 (increased) (3334,3324,3332)
10008 (increased) (3342,3332,3334)
10027 (increased) (3351,3334,3342)
10053 (increased) (3360,3342,3351)
10076 (increased) (3365,3351,3360)
10106 (increased) (3381,3360,3365)
10121 (increased) (3375,3365,3381)
10134 (increased) (3378,3381,3375)
10132 (decreased) (3379,3375,3378)
10132 (no change) (3375,3378,3379)
10127 (decreased) (3373,3379,3375)
10125 (decreased) (3377,3375,3373)
10139 (increased) (3389,3373,3377)
10158 (increased) (3392,3377,3389)
10175 (increased) (3394,3389,3392)
10181 (increased) (3395,3392,3394)
10188 (increased) (3399,3394,3395)
10196 (increased) (3402,3395,3399)
10216 (increased) (3415,3399,3402)
10235 (increased) (3418,3402,3415)
10252 (increased) (3419,3415,3418)
10275 (increased) (3438,3418,3419)
10314 (increased) (3457,3419,3438)
10353 (increased) (3458,3438,3457)
10374 (increased) (3459,3457,3458)
10389 (increased) (3472,3458,3459)
10402 (increased) (3471,3459,3472)
10410 (increased) (3467,3472,3471)
10410 (no change) (3472,3471,3467)
10420 (increased) (3481,3467,3472)
10437 (increased) (3484,3472,3481)
10455 (increased) (3490,3481,3484)
10492 (increased) (3518,3484,3490)
10519 (increased) (3511,3490,3518)
10541 (increased) (3512,3518,3511)
10537 (decreased) (3514,3511,3512)
10538 (increased) (3512,3512,3514)
10540 (increased) (3514,3514,3512)
10538 (decreased) (3512,3512,3514)
10539 (increased) (3513,3514,3512)
10536 (decreased) (3511,3512,3513)
10524 (decreased) (3500,3513,3511)
10510 (decreased) (3499,3511,3500)
10506 (decreased) (3507,3500,3499)
10517 (increased) (3511,3499,3507)
10533 (increased) (3515,3507,3511)
10559 (increased) (3533,3511,3515)
10582 (increased) (3534,3515,3533)
10602 (increased) (3535,3533,3534)
10608 (increased) (3539,3534,3535)
10615 (increased) (3541,3535,3539)
10619 (increased) (3539,3539,3541)
10612 (decreased) (3532,3541,3539)
10604 (decreased) (3533,3539,3532)
10596 (decreased) (3531,3532,3533)
10609 (increased) (3545,3533,3531)
10624 (increased) (3548,3531,3545)
10640 (increased) (3547,3545,3548)
10648 (increased) (3553,3548,3547)
10643 (decreased) (3543,3547,3553)
10610 (decreased) (3514,3553,3543)
10550 (decreased) (3493,3543,3514)
10497 (decreased) (3490,3514,3493)
10470 (decreased) (3487,3493,3490)
10465 (decreased) (3488,3490,3487)
10466 (increased) (3491,3487,3488)
10471 (increased) (3492,3488,3491)
10477 (increased) (3494,3491,3492)
10481 (increased) (3495,3492,3494)
10465 (decreased) (3476,3494,3495)
10480 (increased) (3509,3495,3476)
10495 (increased) (3510,3476,3509)
10530 (increased) (3511,3509,3510)
10534 (increased) (3513,3510,3511)
10538 (increased) (3514,3511,3513)
10540 (increased) (3513,3513,3514)
10537 (decreased) (3510,3514,3513)
10538 (increased) (3515,3513,3510)
10557 (increased) (3532,3510,3515)
10587 (increased) (3540,3515,3532)
10613 (increased) (3541,3532,3540)
10614 (increased) (3533,3540,3541)
10613 (decreased) (3539,3541,3533)
10612 (decreased) (3540,3533,3539)
10617 (increased) (3538,3539,3540)
10617 (no change) (3539,3540,3538)
10612 (decreased) (3535,3538,3539)
10596 (decreased) (3522,3539,3535)
10580 (decreased) (3523,3535,3522)
10572 (decreased) (3527,3522,3523)
10570 (decreased) (3520,3523,3527)
10573 (increased) (3526,3527,3520)
10573 (no change) (3527,3520,3526)
10582 (increased) (3529,3526,3527)
10592 (increased) (3536,3527,3529)
10611 (increased) (3546,3529,3536)
10629 (increased) (3547,3536,3546)
10644 (increased) (3551,3546,3547)
10650 (increased) (3552,3547,3551)
10657 (increased) (3554,3551,3552)
10670 (increased) (3564,3552,3554)
10665 (decreased) (3547,3554,3564)
10659 (decreased) (3548,3564,3547)
10648 (decreased) (3553,3547,3548)
10649 (increased) (3548,3548,3553)
10644 (decreased) (3543,3553,3548)
10633 (decreased) (3542,3548,3543)
10617 (decreased) (3532,3543,3542)
10609 (decreased) (3535,3542,3532)
10606 (decreased) (3539,3532,3535)
10612 (increased) (3538,3535,3539)
10630 (increased) (3553,3539,3538)
10643 (increased) (3552,3538,3553)
10660 (increased) (3555,3553,3552)
10672 (increased) (3565,3552,3555)
10688 (increased) (3568,3555,3565)
10711 (increased) (3578,3565,3568)
10717 (increased) (3571,3568,3578)
10726 (increased) (3577,3578,3571)
10735 (increased) (3587,3571,3577)
10753 (increased) (3589,3577,3587)
10775 (increased) (3599,3587,3589)
10813 (increased) (3625,3589,3599)
10850 (increased) (3626,3599,3625)
10871 (increased) (3620,3625,3626)
10856 (decreased) (3610,3626,3620)
10827 (decreased) (3597,3620,3610)
10805 (decreased) (3598,3610,3597)
10784 (decreased) (3589,3597,3598)
10775 (decreased) (3588,3598,3589)
10764 (decreased) (3587,3589,3588)
10764 (no change) (3589,3588,3587)
10768 (increased) (3592,3587,3589)
10774 (increased) (3593,3589,3592)
10789 (increased) (3604,3592,3593)
10802 (increased) (3605,3593,3604)
10791 (decreased) (3582,3604,3605)
10780 (decreased) (3593,3605,3582)
10779 (decreased) (3604,3582,3593)
10805 (increased) (3608,3593,3604)
10819 (increased) (3607,3604,3608)
10819 (no change) (3604,3608,3607)
10814 (decreased) (3603,3607,3604)
10820 (increased) (3613,3604,3603)
10822 (increased) (3606,3603,3613)
10824 (increased) (3605,3613,3606)
10823 (decreased) (3612,3606,3605)
10834 (increased) (3617,3605,3612)
10847 (increased) (3618,3612,3617)
10857 (increased) (3622,3617,3618)
10860 (increased) (3620,3618,3622)
10851 (decreased) (3609,3622,3620)
10825 (decreased) (3596,3620,3609)
10802 (decreased) (3597,3609,3596)
10781 (decreased) (3588,3596,3597)
10791 (increased) (3606,3597,3588)
10801 (increased) (3607,3588,3606)
10841 (increased) (3628,3606,3607)
10859 (increased) (3624,3607,3628)
10878 (increased) (3626,3628,3624)
10874 (decreased) (3624,3624,3626)
10873 (decreased) (3623,3626,3624)
10877 (increased) (3630,3624,3623)
10888 (increased) (3635,3623,3630)
10901 (increased) (3636,3630,3635)
10902 (increased) (3631,3635,3636)
10899 (decreased) (3632,3636,3631)
10897 (decreased) (3634,3631,3632)
10901 (increased) (3635,3632,3634)
10938 (increased) (3669,3634,3635)
10971 (increased) (3667,3635,3669)
10996 (increased) (3660,3669,3667)
10986 (decreased) (3659,3667,3660)
11004 (increased) (3685,3660,3659)
11025 (increased) (3681,3659,3685)
11062 (increased) (3696,3685,3681)
11074 (increased) (3697,3681,3696)
11119 (increased) (3726,3696,3697)
11155 (increased) (3732,3697,3726)
11191 (increased) (3733,3726,3732)
11184 (decreased) (3719,3732,3733)
11161 (decreased) (3709,3733,3719)
11136 (decreased) (3708,3719,3709)
11126 (decreased) (3709,3709,3708)
11132 (increased) (3715,3708,3709)
11140 (increased) (3716,3709,3715)
11148 (increased) (3717,3715,3716)
11144 (decreased) (3711,3716,3717)
11144 (no change) (3716,3717,3711)
11142 (decreased) (3715,3711,3716)
11176 (increased) (3745,3716,3715)
11208 (increased) (3748,3715,3745)
11250 (increased) (3757,3745,3748)
11264 (increased) (3759,3748,3757)
11277 (increased) (3761,3757,3759)
11279 (increased) (3759,3759,3761)
11280 (increased) (3760,3761,3759)
11285 (increased) (3766,3759,3760)
11293 (increased) (3767,3760,3766)
11304 (increased) (3771,3766,3767)
11313 (increased) (3775,3767,3771)
11313 (no change) (3767,3771,3775)
11316 (increased) (3774,3775,3767)
11297 (decreased) (3756,3767,3774)
11287 (decreased) (3757,3774,3756)
11272 (decreased) (3759,3756,3757)
11276 (increased) (3760,3757,3759)
11281 (increased) (3762,3759,3760)
11301 (increased) (3779,3760,3762)
11284 (decreased) (3743,3762,3779)
11267 (decreased) (3745,3779,3743)
11227 (decreased) (3739,3743,3745)
11220 (decreased) (3736,3745,3739)
11224 (increased) (3749,3739,3736)
11226 (increased) (3741,3736,3749)
11232 (increased) (3742,3749,3741)
11238 (increased) (3755,3741,3742)
11253 (increased) (3756,3742,3755)
11271 (increased) (3760,3755,3756)
11279 (increased) (3763,3756,3760)
11288 (increased) (3765,3760,3763)
11307 (increased) (3779,3763,3765)
11328 (increased) (3784,3765,3779)
11345 (increased) (3782,3779,3784)
11351 (increased) (3785,3784,3782)
11350 (decreased) (3783,3782,3785)
11350 (no change) (3782,3785,3783)
11350 (no change) (3785,3783,3782)
11355 (increased) (3788,3782,3785)
11363 (increased) (3790,3785,3788)
11348 (decreased) (3770,3788,3790)
11331 (decreased) (3771,3790,3770)
11315 (decreased) (3774,3770,3771)
11344 (increased) (3799,3771,3774)
11368 (increased) (3795,3774,3799)
11390 (increased) (3796,3799,3795)
11395 (increased) (3804,3795,3796)
11416 (increased) (3816,3796,3804)
11484 (increased) (3864,3804,3816)
11548 (increased) (3868,3816,3864)
11585 (increased) (3853,3864,3868)
11575 (decreased) (3854,3868,3853)
11562 (decreased) (3855,3853,3854)
11565 (increased) (3856,3854,3855)
11562 (decreased) (3851,3855,3856)
11543 (decreased) (3836,3856,3851)
11520 (decreased) (3833,3851,3836)
11509 (decreased) (3840,3836,3833)
11508 (decreased) (3835,3833,3840)
11512 (increased) (3837,3840,3835)
11530 (increased) (3858,3835,3837)
11573 (increased) (3878,3837,3858)
11615 (increased) (3879,3858,3878)
11664 (increased) (3907,3878,3879)
11698 (increased) (3912,3879,3907)
11730 (increased) (3911,3907,3912)
11737 (increased) (3914,3912,3911)
11738 (increased) (3913,3911,3914)
11761 (increased) (3934,3914,3913)
11782 (increased) (3935,3913,3934)
11821 (increased) (3952,3934,3935)
11851 (increased) (3964,3935,3952)
11895 (increased) (3979,3952,3964)
11944 (increased) (4001,3964,3979)
11978 (increased) (3998,3979,4001)
11998 (increased) (3999,4001,3998)
11998 (no change) (4001,3998,3999)
12004 (increased) (4004,3999,4001)
11999 (decreased) (3994,4001,4004)
11990 (decreased) (3992,4004,3994)
11976 (decreased) (3990,3994,3992)
11960 (decreased) (3978,3992,3990)
11945 (decreased) (3977,3990,3978)
11915 (decreased) (3960,3978,3977)
11903 (decreased) (3966,3977,3960)
11891 (decreased) (3965,3960,3966)
11891 (no change) (3960,3966,3965)
11894 (increased) (3969,3965,3960)
11899 (increased) (3970,3960,3969)
11917 (increased) (3978,3969,3970)
11924 (increased) (3976,3970,3978)
11931 (increased) (3977,3978,3976)
11929 (decreased) (3976,3976,3977)
11926 (decreased) (3973,3977,3976)
11934 (increased) (3985,3976,3973)
11949 (increased) (3991,3973,3985)
12003 (increased) (4027,3985,3991)
12042 (increased) (4024,3991,4027)
12083 (increased) (4032,4027,4024)
12093 (increased) (4037,4024,4032)
12111 (increased) (4042,4032,4037)
12130 (increased) (4051,4037,4042)
12135 (increased) (4042,4042,4051)
12136 (increased) (4043,4051,4042)
12120 (decreased) (4035,4042,4043)
12106 (decreased) (4028,4043,4035)
12085 (decreased) (4022,4035,4028)
12074 (decreased) (4024,4028,4022)
12071 (decreased) (4025,4022,4024)
12073 (increased) (4024,4024,4025)
12088 (increased) (4039,4025,4024)
12100 (increased) (4037,4024,4039)
12133 (increased) (4057,4039,4037)
12150 (increased) (4056,4037,4057)
12171 (increased) (4058,4057,4056)
12175 (increased) (4061,4056,4058)
12185 (increased) (4066,4058,4061)
12191 (increased) (4064,4061,4066)
12193 (increased) (4063,4066,4064)
12193 (no change) (4066,4064,4063)
12194 (increased) (4065,4063,4066)
12197 (increased) (4066,4066,4065)
12200 (increased) (4069,4065,4066)
12207 (increased) (4072,4066,4069)
12211 (increased) (4070,4069,4072)
12214 (increased) (4072,4072,4070)
12213 (decreased) (4071,4070,4072)
12212 (decreased) (4069,4072,4071)
12211 (decreased) (4071,4071,4069)
12178 (decreased) (4038,4069,4071)
12148 (decreased) (4039,4071,4038)
12115 (decreased) (4038,4038,4039)
12114 (decreased) (4037,4039,4038)
12108 (decreased) (4033,4038,4037)
12104 (decreased) (4034,4037,4033)
12097 (decreased) (4030,4033,4034)
12090 (decreased) (4026,4034,4030)
12081 (decreased) (4025,4030,4026)
12079 (decreased) (4028,4026,4025)
12095 (increased) (4042,4025,4028)
12127 (increased) (4057,4028,4042)
12154 (increased) (4055,4042,4057)
12168 (increased) (4056,4057,4055)
12166 (decreased) (4055,4055,4056)
12167 (increased) (4056,4056,4055)
12140 (decreased) (4029,4055,4056)
12145 (increased) (4060,4056,4029)
12148 (increased) (4059,4029,4060)
12181 (increased) (4062,4060,4059)
12175 (decreased) (4054,4059,4062)
12175 (no change) (4059,4062,4054)
12173 (decreased) (4060,4054,4059)
12180 (increased) (4061,4059,4060)
12189 (increased) (4068,4060,4061)
12207 (increased) (4078,4061,4068)
12225 (increased) (4079,4068,4078)
12247 (increased) (4090,4078,4079)
12257 (increased) (4088,4079,4090)
12267 (increased) (4089,4090,4088)
12273 (increased) (4096,4088,4089)
12279 (increased) (4094,4089,4096)
12281 (increased) (4091,4096,4094)
12253 (decreased) (4068,4094,4091)
12214 (decreased) (4055,4091,4068)
12179 (decreased) (4056,4068,4055)
12164 (decreased) (4053,4055,4056)
12146 (decreased) (4037,4056,4053)
12124 (decreased) (4034,4053,4037)
12106 (decreased) (4035,4037,4034)
12139 (increased) (4070,4034,4035)
12176 (increased) (4071,4035,4070)
12193 (increased) (4052,4070,4071)
12170 (decreased) (4047,4071,4052)
12141 (decreased) (4042,4052,4047)
12149 (increased) (4060,4047,4042)
12149 (no change) (4047,4042,4060)
12170 (increased) (4063,4060,4047)
12175 (increased) (4065,4047,4063)
12194 (increased) (4066,4063,4065)
12200 (increased) (4069,4065,4066)
12210 (increased) (4075,4066,4069)
12233 (increased) (4089,4069,4075)
12250 (increased) (4086,4075,4089)
12266 (increased) (4091,4089,4086)
12270 (increased) (4093,4086,4091)
12280 (increased) (4096,4091,4093)
12293 (increased) (4104,4093,4096)
12307 (increased) (4107,4096,4104)
12316 (increased) (4105,4104,4107)
12335 (increased) (4123,4107,4105)
12361 (increased) (4133,4105,4123)
12391 (increased) (4135,4123,4133)
12412 (increased) (4144,4133,4135)
12437 (increased) (4158,4135,4144)
12484 (increased) (4182,4144,4158)
12513 (increased) (4173,4158,4182)
12527 (increased) (4172,4182,4173)
12521 (decreased) (4176,4173,4172)
12523 (increased) (4175,4172,4176)
12527 (increased) (4176,4176,4175)
12525 (decreased) (4174,4175,4176)
12525 (no change) (4175,4176,4174)
12532 (increased) (4183,4174,4175)
12542 (increased) (4184,4175,4183)
12550 (increased) (4183,4183,4184)
12549 (decreased) (4182,4184,4183)
12542 (decreased) (4177,4183,4182)
12542 (no change) (4183,4182,4177)
12542 (no change) (4182,4177,4183)
12549 (increased) (4184,4183,4182)
12547 (decreased) (4181,4182,4184)
12547 (no change) (4182,4184,4181)
12554 (increased) (4191,4181,4182)
12595 (increased) (4222,4182,4191)
12667 (increased) (4254,4191,4222)
12729 (increased) (4253,4222,4254)
12761 (increased) (4254,4254,4253)
12764 (increased) (4257,4253,4254)
12782 (increased) (4271,4254,4257)
12790 (increased) (4262,4257,4271)
12798 (increased) (4265,4271,4262)
12794 (decreased) (4267,4262,4265)
12803 (increased) (4271,4265,4267)
12806 (increased) (4268,4267,4271)
12817 (increased) (4278,4271,4268)
12836 (increased) (4290,4268,4278)
12862 (increased) (4294,4278,4290)
12870 (increased) (4286,4290,4294)
12868 (decreased) (4288,4294,4286)
12866 (decreased) (4292,4286,4288)
12866 (no change) (4286,4288,4292)
12899 (increased) (4321,4292,4286)
12927 (increased) (4320,4286,4321)
12962 (increased) (4321,4321,4320)
12959 (decreased) (4318,4320,4321)
12960 (increased) (4321,4321,4318)
12959 (decreased) (4320,4318,4321)
12955 (decreased) (4314,4321,4320)
12946 (decreased) (4312,4320,4314)
12929 (decreased) (4303,4314,4312)
12912 (decreased) (4297,4312,4303)
12896 (decreased) (4296,4303,4297)
12862 (decreased) (4269,4297,4296)
12835 (decreased) (4270,4296,4269)
12793 (decreased) (4254,4269,4270)
12779 (decreased) (4255,4270,4254)
12763 (decreased) (4254,4254,4255)
12748 (decreased) (4239,4255,4254)
12744 (decreased) (4251,4254,4239)
12749 (increased) (4259,4239,4251)
12786 (increased) (4276,4251,4259)
12823 (increased) (4288,4259,4276)
12833 (increased) (4269,4276,4288)
12827 (decreased) (4270,4288,4269)
12810 (decreased) (4271,4269,4270)
12813 (increased) (4272,4270,4271)
12823 (increased) (4280,4271,4272)
12842 (increased) (4290,4272,4280)
12861 (increased) (4291,4280,4290)
12874 (increased) (4293,4290,4291)
12881 (increased) (4297,4291,4293)
12886 (increased) (4296,4293,4297)
12905 (increased) (4312,4297,4296)
12933 (increased) (4325,4296,4312)
12964 (increased) (4327,4312,4325)
12978 (increased) (4326,4325,4327)
12980 (increased) (4327,4327,4326)
12983 (increased) (4330,4326,4327)
12998 (increased) (4341,4327,4330)
13007 (increased) (4336,4330,4341)
13019 (increased) (4342,4341,4336)
13035 (increased) (4357,4336,4342)
13065 (increased) (4366,4342,4357)
13090 (increased) (4367,4357,4366)
13107 (increased) (4374,4366,4367)
13127 (increased) (4386,4367,4374)
13149 (increased) (4389,4374,4386)
13173 (increased) (4398,4386,4389)
13184 (increased) (4397,4389,4398)
13203 (increased) (4408,4398,4397)
13228 (increased) (4423,4397,4408)
13278 (increased) (4447,4408,4423)
13313 (increased) (4443,4423,4447)
13338 (increased) (4448,4447,4443)
13338 (no change) (4447,4443,4448)
13343 (increased) (4448,4448,4447)
13342 (decreased) (4447,4447,4448)
13343 (increased) (4448,4448,4447)
13353 (increased) (4458,4447,4448)
13370 (increased) (4464,4448,4458)
13385 (increased) (4463,4458,4464)
13396 (increased) (4469,4464,4463)
13400 (increased) (4468,4463,4469)
13408 (increased) (4471,4469,4468)
13411 (increased) (4472,4468,4471)
13416 (increased) (4473,4471,4472)
13422 (increased) (4477,4472,4473)
13399 (decreased) (4449,4473,4477)
13371 (decreased) (4445,4477,4449)
13330 (decreased) (4436,4449,4445)
13318 (decreased) (4437,4445,4436)
13315 (decreased) (4442,4436,4437)
13325 (increased) (4446,4437,4442)
13338 (increased) (4450,4442,4446)
13349 (increased) (4453,4446,4450)
13355 (increased) (4452,4450,4453)
13361 (increased) (4456,4453,4452)
13370 (increased) (4462,4452,4456)
13378 (increased) (4460,4456,4462)
13387 (increased) (4465,4462,4460)
13398 (increased) (4473,4460,4465)
13412 (increased) (4474,4465,4473)
El numero total de (increased) es 1311